
-1.000000	0.038462	4.361403	-3385.720625	-457.174773	0.044391
-0.980000	0.039984	4.161646	-2960.067383	-335.459359	0.037059
-0.960000	0.041597	3.969556	-2582.933318	-243.518843	0.047435
-0.940000	0.043309	3.784926	-2249.364327	-174.697716	0.046549
-0.920000	0.045126	3.607558	-1954.852409	-123.690950	0.041496
-0.900000	0.047059	3.437251	-1695.300962	-86.297119	0.040536
-0.880000	0.049116	3.273809	-1466.992334	-59.211803	0.045343
-0.860000	0.051308	3.117040	-1266.557540	-39.855480	0.052995
-0.840000	0.053648	2.966753	-1090.948001	-26.230827	0.059669
-0.820000	0.056148	2.822761	-937.409213	-16.805012	0.063059
-0.800000	0.058824	2.684877	-803.456233	-10.413112	0.063061
-0.780000	0.061690	2.552921	-686.850884	-6.179350	0.061234
-0.760000	0.064767	2.426713	-585.580576	-3.453243	0.059763
-0.740000	0.068074	2.306075	-497.838658	-1.758206	0.060487
-0.720000	0.071633	2.190834	-422.006208	-0.750477	0.064306
-0.700000	0.075472	2.080819	-356.635176	-0.186570	0.071039
-0.680000	0.079618	1.975860	-300.432797	0.102307	0.079659
-0.660000	0.084104	1.875792	-252.247201	0.230139	0.088728
-0.640000	0.088968	1.780453	-211.054142	0.271406	0.096883
-0.620000	0.094251	1.689680	-175.944783	0.272707	0.103221
-0.600000	0.100000	1.603318	-146.114455	0.261464	0.107509
-0.580000	0.106270	1.521210	-120.852342	0.252329	0.110205
-0.560000	0.113122	1.443205	-99.532024	0.251808	0.112300
-0.540000	0.120627	1.369153	-81.602818	0.261522	0.115063
-0.520000	0.128866	1.298908	-66.581868	0.280431	0.119742
-0.500000	0.137931	1.232325	-54.046930	0.306294	0.127298
-0.480000	0.147929	1.169263	-43.629798	0.336576	0.138228
-0.460000	0.158983	1.109584	-35.010332	0.368959	0.152495
-0.440000	0.171233	1.053152	-27.911041	0.401592	0.169580
-0.420000	0.184843	0.999834	-22.092176	0.433158	0.188636
-0.400000	0.200000	0.949499	-17.347301	0.462846	0.208700
-0.380000	0.216920	0.902021	-13.499296	0.490262	0.228935
-0.360000	0.235849	0.857273	-10.396765	0.515321	0.248845
-0.340000	0.257069	0.815134	-7.910817	0.538139	0.268424
-0.320000	0.280899	0.775484	-5.932175	0.558931	0.288227
-0.300000	0.307692	0.738207	-4.368610	0.577943	0.309330
-0.280000	0.337838	0.703190	-3.142644	0.595391	0.333202
-0.260000	0.371747	0.670319	-2.189521	0.611430	0.361484
-0.240000	0.409836	0.639488	-1.455408	0.626138	0.395738
-0.220000	0.452489	0.610590	-0.895811	0.639512	0.437164
-0.200000	0.500000	0.583523	-0.474178	0.651482	0.486352
-0.180000	0.552486	0.558186	-0.160688	0.661924	0.543096
-0.160000	0.609756	0.534481	0.068818	0.670680	0.606284
-0.140000	0.671141	0.512315	0.233757	0.677579	0.673904
-0.120000	0.735294	0.491593	0.349602	0.682453	0.743148
-0.100000	0.800000	0.472229	0.428566	0.685156	0.810625
-0.080000	0.862069	0.454134	0.480188	0.685572	0.872636
-0.060000	0.917431	0.437224	0.511836	0.683627	0.925513
-0.040000	0.961538	0.421420	0.529121	0.679290	0.965955
-0.020000	0.990099	0.406641	0.536260	0.672573	0.991344
0.000000	1.000000	0.392814	0.536365	0.663532	1.000000
0.020000	0.990099	0.379863	0.531687	0.652258	0.991344
0.040000	0.961538	0.367721	0.523821	0.638875	0.965955
0.060000	0.917431	0.356318	0.513861	0.623530	0.925513
0.080000	0.862069	0.345590	0.502536	0.606391	0.872636
0.100000	0.800000	0.335475	0.490310	0.587637	0.810625
0.120000	0.735294	0.325914	0.477462	0.567454	0.743148
0.140000	0.671141	0.316851	0.464149	0.546035	0.673904
0.160000	0.609756	0.308231	0.450450	0.523572	0.606284
0.180000	0.552486	0.300003	0.436400	0.500258	0.543096
0.200000	0.500000	0.292119	0.422014	0.476286	0.486352
0.220000	0.452489	0.284534	0.407302	0.451847	0.437164
0.240000	0.409836	0.277204	0.392279	0.427130	0.395738
0.260000	0.371747	0.270089	0.376971	0.402323	0.361484
0.280000	0.337838	0.263152	0.361417	0.377616	0.333202
0.300000	0.307692	0.256358	0.345665	0.353191	0.309330
0.320000	0.280899	0.249675	0.329777	0.329231	0.288227
0.340000	0.257069	0.243075	0.313822	0.305910	0.268424
0.360000	0.235849	0.236529	0.297875	0.283392	0.248845
0.380000	0.216920	0.230016	0.282013	0.261829	0.228935
0.400000	0.200000	0.223513	0.266315	0.241354	0.208700
0.420000	0.184843	0.217002	0.250858	0.222081	0.188636
0.440000	0.171233	0.210468	0.235716	0.204098	0.169580
0.460000	0.158983	0.203898	0.220958	0.187465	0.152495
0.480000	0.147929	0.197282	0.206648	0.172210	0.138228
0.500000	0.137931	0.190612	0.192845	0.158333	0.127298
0.520000	0.128866	0.183884	0.179599	0.145802	0.119742
0.540000	0.120627	0.177095	0.166955	0.134558	0.115063
0.560000	0.113122	0.170248	0.154951	0.124517	0.112300
0.580000	0.106270	0.163344	0.143619	0.115579	0.110205
0.600000	0.100000	0.156392	0.132981	0.107627	0.107509
0.620000	0.094251	0.149398	0.123053	0.100540	0.103221
0.640000	0.088968	0.142376	0.113842	0.094201	0.096883
0.660000	0.084104	0.135340	0.105350	0.088495	0.088728
0.680000	0.079618	0.128306	0.097567	0.083324	0.079659
0.700000	0.075472	0.121296	0.090477	0.078604	0.071039
0.720000	0.071633	0.114331	0.084053	0.074270	0.064306
0.740000	0.068074	0.107437	0.078262	0.070274	0.060487
0.760000	0.064767	0.100642	0.073062	0.066582	0.059763
0.780000	0.061690	0.093978	0.068407	0.063174	0.061234
0.800000	0.058824	0.087477	0.064243	0.060030	0.063061
0.820000	0.056148	0.081175	0.060515	0.057135	0.063059
0.840000	0.053648	0.075113	0.057168	0.054466	0.059669
0.860000	0.051308	0.069332	0.054148	0.051998	0.052995
0.880000	0.049116	0.063876	0.051405	0.049701	0.045343
0.900000	0.047059	0.058793	0.048899	0.047547	0.040536
0.920000	0.045126	0.054133	0.046595	0.045516	0.041496
0.940000	0.043309	0.049948	0.044471	0.043606	0.046549
0.960000	0.041597	0.046293	0.042508	0.041827	0.047435
0.980000	0.039984	0.043228	0.040691	0.040180	0.037059
1.000000	0.038462	0.040813	0.038994	0.038596	0.044391