
-1.000000	0.038462	0.038462	0.038462	0.038462	0.038462
-0.980000	0.039984	0.039195	0.043735	0.098342	-58.238141
-0.960000	0.041597	0.041218	0.045729	0.098058	-50.864415
-0.940000	0.043309	0.044411	0.046541	0.078743	-28.662567
-0.920000	0.045126	0.048657	0.047331	0.059610	-10.334508
-0.900000	0.047059	0.053846	0.048643	0.047537	0.047059
-0.880000	0.049116	0.059872	0.050645	0.043153	3.945073
-0.860000	0.051308	0.066634	0.053304	0.044505	4.069132
-0.840000	0.053648	0.074034	0.056499	0.049083	2.674355
-0.820000	0.056148	0.081980	0.060103	0.054795	1.135307
-0.800000	0.058824	0.090385	0.064027	0.060307	0.058824
-0.780000	0.061690	0.099165	0.068240	0.065024	-0.445868
-0.760000	0.064767	0.108242	0.072773	0.068910	-0.513554
-0.740000	0.068074	0.117542	0.077713	0.072266	-0.345879
-0.720000	0.071633	0.126995	0.083193	0.075525	-0.114348
-0.700000	0.075472	0.136538	0.089367	0.079105	0.075472
-0.680000	0.079618	0.146111	0.096399	0.083319	0.182283
-0.660000	0.084104	0.155657	0.104448	0.088344	0.210093
-0.640000	0.088968	0.165126	0.113646	0.094230	0.185775
-0.620000	0.094251	0.174472	0.124096	0.100942	0.140804
-0.600000	0.100000	0.183654	0.135860	0.108409	0.100000
-0.580000	0.106270	0.192634	0.148955	0.116573	0.077050
-0.560000	0.113122	0.201380	0.163357	0.125433	0.075011
-0.540000	0.120627	0.209865	0.178994	0.135068	0.089564
-0.520000	0.128866	0.218065	0.195761	0.145646	0.113048
-0.500000	0.137931	0.225962	0.213518	0.157418	0.137931
-0.480000	0.147929	0.233542	0.232098	0.170690	0.159008
-0.460000	0.158983	0.240795	0.251316	0.185793	0.174212
-0.440000	0.171233	0.247718	0.270976	0.203043	0.184298
-0.420000	0.184843	0.254311	0.290873	0.222701	0.191836
-0.400000	0.200000	0.260577	0.310803	0.244939	0.200000
-0.380000	0.216920	0.266526	0.330568	0.269808	0.211532
-0.360000	0.235849	0.272172	0.349975	0.297225	0.228098
-0.340000	0.257069	0.277534	0.368844	0.326960	0.250123
-0.320000	0.280899	0.282634	0.387003	0.358648	0.277022
-0.300000	0.307692	0.287500	0.404299	0.391796	0.307692
-0.280000	0.337838	0.292165	0.420589	0.425816	0.341064
-0.260000	0.371747	0.296665	0.435749	0.460046	0.376548
-0.240000	0.409836	0.301042	0.449671	0.493792	0.414270
-0.220000	0.452489	0.305342	0.462268	0.526359	0.455026
-0.200000	0.500000	0.309615	0.473473	0.557085	0.500000
-0.180000	0.552486	0.313918	0.483244	0.585369	0.550314
-0.160000	0.609756	0.318311	0.491566	0.610694	0.606525
-0.140000	0.671141	0.322857	0.498450	0.632643	0.668203
-0.120000	0.735294	0.327626	0.503931	0.650907	0.733672
-0.100000	0.800000	0.332692	0.508060	0.665289	0.800000
-0.080000	0.862069	0.338134	0.510887	0.675693	0.863244
-0.060000	0.917431	0.344034	0.512433	0.682122	0.918908
-0.040000	0.961538	0.350480	0.512646	0.684661	0.962551
-0.020000	0.990099	0.357565	0.511333	0.683463	0.990418
0.000000	1.000000	0.365385	0.508060	0.678739	1.000000
0.020000	0.990099	0.374042	0.502018	0.670743	0.990418
0.040000	0.961538	0.383642	0.491837	0.659760	0.962551
0.060000	0.917431	0.394295	0.475341	0.646101	0.918908
0.080000	0.862069	0.406118	0.449228	0.630098	0.863244
0.100000	0.800000	0.419231	0.408654	0.612092	0.800000
0.120000	0.735294	0.433757	0.346719	0.592434	0.733672
0.140000	0.671141	0.449826	0.253811	0.571473	0.668203
0.160000	0.609756	0.467572	0.116803	0.549548	0.606525
0.180000	0.552486	0.487134	-0.081933	0.526973	0.550314
0.200000	0.500000	0.508654	-0.365724	0.504027	0.500000
0.220000	0.452489	0.532280	-0.765036	0.480936	0.455026
0.240000	0.409836	0.558165	-1.319196	0.457865	0.414270
0.260000	0.371747	0.586465	-2.078435	0.434919	0.376548
0.280000	0.337838	0.617342	-3.106302	0.412157	0.341064
0.300000	0.307692	0.650962	-4.482494	0.389630	0.307692
0.320000	0.280899	0.687495	-6.306154	0.367437	0.277022
0.340000	0.257069	0.727118	-8.699702	0.345796	0.250123
0.360000	0.235849	0.770011	-11.813271	0.325125	0.228098
0.380000	0.216920	0.816357	-15.829793	0.306073	0.211532
0.400000	0.200000	0.866346	-20.970843	0.289464	0.200000
0.420000	0.184843	0.920172	-27.503302	0.276035	0.191836
0.440000	0.171233	0.978034	-35.746937	0.265801	0.184298
0.460000	0.158983	1.040134	-46.082993	0.256835	0.174212
0.480000	0.147929	1.106680	-58.963901	0.243088	0.159008
0.500000	0.137931	1.177885	-74.924208	0.210820	0.137931
0.520000	0.128866	1.253965	-94.592864	0.132955	0.113048
0.540000	0.120627	1.335142	-118.706967	-0.039461	0.089564
0.560000	0.113122	1.421642	-148.127136	-0.389844	0.075011
0.580000	0.106270	1.513695	-183.854621	-1.054159	0.077050
0.600000	0.100000	1.611538	-227.050339	-2.246385	0.100000
0.620000	0.094251	1.715411	-279.055981	-4.293729	0.140804
0.640000	0.088968	1.825557	-341.417361	-7.684578	0.185775
0.660000	0.084104	1.942226	-415.910218	-13.132891	0.210093
0.680000	0.079618	2.065672	-504.568643	-21.663616	0.182283
0.700000	0.075472	2.196154	-609.716346	-34.724733	0.075472
0.720000	0.071633	2.333934	-734.001000	-54.332750	-0.114348
0.740000	0.068074	2.479280	-880.431869	-83.259882	-0.345879
0.760000	0.064767	2.632465	-1052.420994	-125.272836	-0.513554
0.780000	0.061690	2.793765	-1253.828169	-185.435031	-0.445868
0.800000	0.058824	2.963462	-1489.010011	-270.486336	0.058824
0.820000	0.056148	3.141842	-1762.873384	-389.316976	1.135307
0.840000	0.053648	3.329195	-2080.933497	-553.555235	2.674355
0.860000	0.051308	3.525818	-2449.376997	-778.291982	4.069132
0.880000	0.049116	3.732011	-2875.130375	-1082.968886	3.945073
0.900000	0.047059	3.948077	-3365.934050	-1492.461644	0.047059
0.920000	0.045126	4.174326	-3930.422498	-2038.394509	-10.334508
0.940000	0.043309	4.411072	-4578.210806	-2760.728060	-28.662567
0.960000	0.041597	4.658634	-5319.988054	-3709.668556	-50.864415
0.980000	0.039984	4.917334	-6167.617951	-4947.954351	-58.238141
1.000000	0.038462	5.187500	-7134.247172	-6553.582948	0.038462