0.000000	0.000000	0.000000	0.000000
0.000000	0.100000	0.000000	0.000000
0.000000	0.200000	0.000000	0.000000
0.000000	0.300000	0.000000	0.000000
0.000000	0.400000	0.000000	0.000000
0.000000	0.500000	0.000000	0.000000
0.000000	0.600000	0.000000	0.000000
0.000000	0.700000	0.000000	0.000000
0.000000	0.800000	0.000000	0.000000
0.000000	0.900000	0.000000	0.000000
0.000000	1.000000	0.000000	0.000000
0.100000	0.000000	0.000000	0.000000
0.100000	0.100000	0.027296	0.000000
0.100000	0.200000	0.044426	0.000000
0.100000	0.300000	0.055159	0.000000
0.100000	0.400000	0.061126	0.000000
0.100000	0.500000	0.063046	0.000000
0.100000	0.600000	0.061125	0.000000
0.100000	0.700000	0.055156	0.000000
0.100000	0.800000	0.044423	0.000000
0.100000	0.900000	0.027294	0.000000
0.100000	1.000000	0.000000	0.000000
0.200000	0.000000	0.000000	0.000000
0.200000	0.100000	0.044757	0.000000
0.200000	0.200000	0.075249	0.000000
0.200000	0.300000	0.095084	0.000000
0.200000	0.400000	0.106301	0.000000
0.200000	0.500000	0.109933	0.000000
0.200000	0.600000	0.106297	0.000000
0.200000	0.700000	0.095077	0.000000
0.200000	0.800000	0.075243	0.000000
0.200000	0.900000	0.044752	0.000000
0.200000	1.000000	0.000000	0.000000
0.300000	0.000000	0.000000	0.000000
0.300000	0.100000	0.056482	0.000000
0.300000	0.200000	0.096731	0.000000
0.300000	0.300000	0.123625	0.000000
0.300000	0.400000	0.139060	0.000000
0.300000	0.500000	0.144090	0.000000
0.300000	0.600000	0.139052	0.000000
0.300000	0.700000	0.123612	0.000000
0.300000	0.800000	0.096718	0.000000
0.300000	0.900000	0.056473	0.000000
0.300000	1.000000	0.000000	0.000000
0.400000	0.000000	0.000000	0.000000
0.400000	0.100000	0.064439	0.000000
0.400000	0.200000	0.111568	0.000000
0.400000	0.300000	0.143626	0.000000
0.400000	0.400000	0.162224	0.000000
0.400000	0.500000	0.168313	0.000000
0.400000	0.600000	0.162209	0.000000
0.400000	0.700000	0.143602	0.000000
0.400000	0.800000	0.111543	0.000000
0.400000	0.900000	0.064424	0.000000
0.400000	1.000000	0.000000	0.000000
0.500000	0.000000	0.000000	0.000000
0.500000	0.100000	0.069708	0.000000
0.500000	0.200000	0.121474	0.000000
0.500000	0.300000	0.157088	0.000000
0.500000	0.400000	0.177897	0.000000
0.500000	0.500000	0.184730	0.000000
0.500000	0.600000	0.177869	0.000000
0.500000	0.700000	0.157042	0.000000
0.500000	0.800000	0.121428	0.000000
0.500000	0.900000	0.069679	0.000000
0.500000	1.000000	0.000000	0.000000
0.600000	0.000000	0.000000	0.000000
0.600000	0.100000	0.072917	0.000000
0.600000	0.200000	0.127533	0.000000
0.600000	0.300000	0.165355	0.000000
0.600000	0.400000	0.187546	0.000000
0.600000	0.500000	0.194841	0.000000
0.600000	0.600000	0.187495	0.000000
0.600000	0.700000	0.165271	0.000000
0.600000	0.800000	0.127448	0.000000
0.600000	0.900000	0.072863	0.000000
0.600000	1.000000	0.000000	0.000000
0.700000	0.000000	0.000000	0.000000
0.700000	0.100000	0.074427	0.000000
0.700000	0.200000	0.130387	0.000000
0.700000	0.300000	0.169251	0.000000
0.700000	0.400000	0.192092	0.000000
0.700000	0.500000	0.199593	0.000000
0.700000	0.600000	0.192000	0.000000
0.700000	0.700000	0.169099	0.000000
0.700000	0.800000	0.130229	0.000000
0.700000	0.900000	0.074326	0.000000
0.700000	1.000000	0.000000	0.000000
0.800000	0.000000	0.000000	0.000000
0.800000	0.100000	0.074403	0.000000
0.800000	0.200000	0.130337	0.000000
0.800000	0.300000	0.169171	0.000000
0.800000	0.400000	0.191976	0.000000
0.800000	0.500000	0.199440	0.000000
0.800000	0.600000	0.191812	0.000000
0.800000	0.700000	0.168895	0.000000
0.800000	0.800000	0.130045	0.000000
0.800000	0.900000	0.074213	0.000000
0.800000	1.000000	0.000000	0.000000
0.900000	0.000000	0.000000	0.000000
0.900000	0.100000	0.072848	0.000000
0.900000	0.200000	0.127388	0.000000
0.900000	0.300000	0.165119	0.000000
0.900000	0.400000	0.187203	0.000000
0.900000	0.500000	0.194377	0.000000
0.900000	0.600000	0.186915	0.000000
0.900000	0.700000	0.164622	0.000000
0.900000	0.800000	0.126843	0.000000
0.900000	0.900000	0.072479	0.000000
0.900000	1.000000	0.000000	0.000000
1.000000	0.000000	0.000000	0.000000
1.000000	0.100000	0.069601	0.000000
1.000000	0.200000	0.121248	0.000000
1.000000	0.300000	0.156715	0.000000
1.000000	0.400000	0.177340	0.000000
1.000000	0.500000	0.183950	0.000000
1.000000	0.600000	0.176850	0.000000
1.000000	0.700000	0.155836	0.000000
1.000000	0.800000	0.120225	0.000000
1.000000	0.900000	0.068860	0.000000
1.000000	1.000000	0.000000	0.000000
1.100000	0.000000	0.000000	0.000000
1.100000	0.100000	0.064309	0.000000
1.100000	0.200000	0.111287	0.000000
1.100000	0.300000	0.143152	0.000000
1.100000	0.400000	0.161491	0.000000
1.100000	0.500000	0.167234	0.000000
1.100000	0.600000	0.160699	0.000000
1.100000	0.700000	0.141645	0.000000
1.100000	0.800000	0.109362	0.000000
1.100000	0.900000	0.062737	0.000000
1.100000	1.000000	0.000000	0.000000
1.200000	0.000000	0.000000	0.000000
1.200000	0.100000	0.056348	0.000000
1.200000	0.200000	0.096438	0.000000
1.200000	0.300000	0.123117	0.000000
1.200000	0.400000	0.138238	0.000000
1.200000	0.500000	0.142797	0.000000
1.200000	0.600000	0.137065	0.000000
1.200000	0.700000	0.120685	0.000000
1.200000	0.800000	0.092841	0.000000
1.200000	0.900000	0.052727	0.000000
1.200000	1.000000	0.000000	0.000000
1.300000	0.000000	0.000000	0.000000
1.300000	0.100000	0.044645	0.000000
1.300000	0.200000	0.075001	0.000000
1.300000	0.300000	0.094639	0.000000
1.300000	0.400000	0.105546	0.000000
1.300000	0.500000	0.108651	0.000000
1.300000	0.600000	0.104080	0.000000
1.300000	0.700000	0.091188	0.000000
1.300000	0.800000	0.068589	0.000000
1.300000	0.900000	0.035329	0.000000
1.300000	1.000000	0.000000	0.000000
1.400000	0.000000	0.000000	0.000000
1.400000	0.100000	0.027232	0.000000
1.400000	0.200000	0.044282	0.000000
1.400000	0.300000	0.054894	0.000000
1.400000	0.400000	0.060655	0.000000
1.400000	0.500000	0.062180	0.000000
1.400000	0.600000	0.059415	0.000000
1.400000	0.700000	0.051400	0.000000
1.400000	0.800000	0.034997	0.000000
1.400000	0.900000	0.000000	0.000000
1.400000	1.000000	0.000000	0.000000
1.500000	0.000000	0.000000	0.000000
1.500000	0.100000	0.000000	0.000000
1.500000	0.200000	0.000000	0.000000
1.500000	0.300000	0.000000	0.000000
1.500000	0.400000	0.000000	0.000000
1.500000	0.500000	0.000000	0.000000
1.500000	0.600000	0.000000	0.000000
1.500000	0.700000	0.000000	0.000000
1.500000	0.800000	0.000000	0.000000
1.500000	0.900000	0.000000	0.000000
1.500000	1.000000	0.000000	0.000000
