-10.000000	-0.860155	-0.510032	-0.839072	-0.544021
-9.980000	-0.870183	-0.492728	-0.849783	-0.527132
-9.960000	-0.879863	-0.475227	-0.860155	-0.510032
-9.940000	-0.889191	-0.457536	-0.870183	-0.492728
-9.920000	-0.898163	-0.439662	-0.879863	-0.475227
-9.900000	-0.906776	-0.421612	-0.889191	-0.457536
-9.880000	-0.915027	-0.403393	-0.898163	-0.439662
-9.860000	-0.922911	-0.385013	-0.906776	-0.421612
-9.840000	-0.930426	-0.366479	-0.915027	-0.403393
-9.820000	-0.937569	-0.347799	-0.922911	-0.385013
-9.800000	-0.944337	-0.328979	-0.930426	-0.366479
-9.780000	-0.950728	-0.310028	-0.937569	-0.347799
-9.760000	-0.956738	-0.290952	-0.944337	-0.328979
-9.740000	-0.962365	-0.271761	-0.950728	-0.310028
-9.720000	-0.967607	-0.252460	-0.956738	-0.290952
-9.700000	-0.972463	-0.233059	-0.962365	-0.271761
-9.680000	-0.976929	-0.213564	-0.967607	-0.252460
-9.660000	-0.981005	-0.193984	-0.972463	-0.233059
-9.640000	-0.984688	-0.174327	-0.976929	-0.213564
-9.620000	-0.987977	-0.154599	-0.981005	-0.193984
-9.600000	-0.990871	-0.134810	-0.984688	-0.174327
-9.580000	-0.993369	-0.114967	-0.987977	-0.154599
-9.560000	-0.995470	-0.095078	-0.990871	-0.134810
-9.540000	-0.997172	-0.075151	-0.993369	-0.114967
-9.520000	-0.998476	-0.055194	-0.995470	-0.095078
-9.500000	-0.999380	-0.035215	-0.997172	-0.075151
-9.480000	-0.999884	-0.015221	-0.998476	-0.055194
-9.460000	-0.999989	0.004778	-0.999380	-0.035215
-9.440000	-0.999693	0.024775	-0.999884	-0.015221
-9.420000	-0.998998	0.044763	-0.999989	0.004778
-9.400000	-0.997903	0.064733	-0.999693	0.024775
-9.380000	-0.996409	0.084676	-0.998998	0.044763
-9.360000	-0.994516	0.104586	-0.997903	0.064733
-9.340000	-0.992225	0.124454	-0.996409	0.084676
-9.320000	-0.989538	0.144273	-0.994516	0.104586
-9.300000	-0.986455	0.164033	-0.992225	0.124454
-9.280000	-0.982977	0.183728	-0.989538	0.144273
-9.260000	-0.979106	0.203350	-0.986455	0.164033
-9.240000	-0.974844	0.222890	-0.982977	0.183728
-9.220000	-0.970191	0.242341	-0.979106	0.203350
-9.200000	-0.965151	0.261695	-0.974844	0.222890
-9.180000	-0.959724	0.280944	-0.970191	0.242341
-9.160000	-0.953914	0.300081	-0.965151	0.261695
-9.140000	-0.947722	0.319098	-0.959724	0.280944
-9.120000	-0.941151	0.337988	-0.953914	0.300081
-9.100000	-0.934203	0.356742	-0.947722	0.319098
-9.080000	-0.926882	0.375353	-0.941151	0.337988
-9.060000	-0.919190	0.393815	-0.934203	0.356742
-9.040000	-0.911130	0.412118	-0.926882	0.375353
-9.020000	-0.902706	0.430257	-0.919190	0.393815
-9.000000	-0.893921	0.448224	-0.911130	0.412118
-8.980000	-0.884778	0.466012	-0.902706	0.430257
-8.960000	-0.875282	0.483613	-0.893921	0.448224
-8.940000	-0.865435	0.501021	-0.884778	0.466012
-8.920000	-0.855242	0.518228	-0.875282	0.483613
-8.900000	-0.844707	0.535228	-0.865435	0.501021
-8.880000	-0.833835	0.552014	-0.855242	0.518228
-8.860000	-0.822628	0.568579	-0.844707	0.535228
-8.840000	-0.811093	0.584917	-0.833835	0.552014
-8.820000	-0.799233	0.601021	-0.822628	0.568579
-8.800000	-0.787054	0.616884	-0.811093	0.584917
-8.780000	-0.774560	0.632501	-0.799233	0.601021
-8.760000	-0.761755	0.647865	-0.787054	0.616884
-8.740000	-0.748647	0.662969	-0.774560	0.632501
-8.720000	-0.735238	0.677809	-0.761755	0.647865
-8.700000	-0.721536	0.692377	-0.748647	0.662969
-8.680000	-0.707545	0.706668	-0.735238	0.677809
-8.660000	-0.693271	0.720677	-0.721536	0.692377
-8.640000	-0.678720	0.734397	-0.707545	0.706668
-8.620000	-0.663897	0.747824	-0.693271	0.720677
-8.600000	-0.648809	0.760951	-0.678720	0.734397
-8.580000	-0.633461	0.773774	-0.663897	0.747824
-8.560000	-0.617860	0.786288	-0.648809	0.760951
-8.540000	-0.602012	0.798487	-0.633461	0.773774
-8.520000	-0.585923	0.810367	-0.617860	0.786288
-8.500000	-0.569599	0.821922	-0.602012	0.798487
-8.480000	-0.553048	0.833149	-0.585923	0.810367
-8.460000	-0.536276	0.844043	-0.569599	0.821922
-8.440000	-0.519289	0.854599	-0.553048	0.833149
-8.420000	-0.502094	0.864813	-0.536276	0.844043
-8.400000	-0.484698	0.874681	-0.519289	0.854599
-8.380000	-0.467109	0.884200	-0.502094	0.864813
-8.360000	-0.449333	0.893364	-0.484698	0.874681
-8.340000	-0.431377	0.902172	-0.467109	0.884200
-8.320000	-0.413248	0.910618	-0.449333	0.893364
-8.300000	-0.394955	0.918701	-0.431377	0.902172
-8.280000	-0.376503	0.926415	-0.413248	0.910618
-8.260000	-0.357900	0.933760	-0.394955	0.918701
-8.240000	-0.339155	0.940731	-0.376503	0.926415
-8.220000	-0.320274	0.947325	-0.357900	0.933760
-8.200000	-0.301264	0.953541	-0.339155	0.940731
-8.180000	-0.282135	0.959375	-0.320274	0.947325
-8.160000	-0.262892	0.964825	-0.301264	0.953541
-8.140000	-0.243544	0.969890	-0.282135	0.959375
-8.120000	-0.224099	0.974566	-0.262892	0.964825
-8.100000	-0.204564	0.978853	-0.243544	0.969890
-8.080000	-0.184947	0.982748	-0.224099	0.974566
-8.060000	-0.165257	0.986251	-0.204564	0.978853
-8.040000	-0.145500	0.989358	-0.184947	0.982748
-8.020000	-0.125685	0.992070	-0.165257	0.986251
-8.000000	-0.105820	0.994385	-0.145500	0.989358
-7.980000	-0.085912	0.996303	-0.125685	0.992070
-7.960000	-0.065970	0.997822	-0.105820	0.994385
-7.940000	-0.046002	0.998941	-0.085912	0.996303
-7.920000	-0.026015	0.999662	-0.065970	0.997822
-7.900000	-0.006018	0.999982	-0.046002	0.998941
-7.880000	0.013981	0.999902	-0.026015	0.999662
-7.860000	0.033975	0.999423	-0.006018	0.999982
-7.840000	0.053955	0.998543	0.013981	0.999902
-7.820000	0.073914	0.997265	0.033975	0.999423
-7.800000	0.093843	0.995587	0.053955	0.998543
-7.780000	0.113735	0.993511	0.073914	0.997265
-7.760000	0.133581	0.991038	0.093843	0.995587
-7.740000	0.153374	0.988168	0.113735	0.993511
-7.720000	0.173105	0.984903	0.133581	0.991038
-7.700000	0.192767	0.981244	0.153374	0.988168
-7.680000	0.212352	0.977193	0.173105	0.984903
-7.660000	0.231852	0.972751	0.192767	0.981244
-7.640000	0.251260	0.967920	0.212352	0.977193
-7.620000	0.270567	0.962701	0.231852	0.972751
-7.600000	0.289765	0.957098	0.251260	0.967920
-7.580000	0.308848	0.951111	0.270567	0.962701
-7.560000	0.327807	0.944745	0.289765	0.957098
-7.540000	0.346635	0.938000	0.308848	0.951111
-7.520000	0.365325	0.930880	0.327807	0.944745
-7.500000	0.383868	0.923388	0.346635	0.938000
-7.480000	0.402258	0.915526	0.365325	0.930880
-7.460000	0.420487	0.907299	0.383868	0.923388
-7.440000	0.438547	0.898708	0.402258	0.915526
-7.420000	0.456433	0.889758	0.420487	0.907299
-7.400000	0.474135	0.880452	0.438547	0.898708
-7.380000	0.491648	0.870794	0.456433	0.889758
-7.360000	0.508965	0.860787	0.474135	0.880452
-7.340000	0.526078	0.850437	0.491648	0.870794
-7.320000	0.542980	0.839746	0.508965	0.860787
-7.300000	0.559665	0.828719	0.526078	0.850437
-7.280000	0.576126	0.817361	0.542980	0.839746
-7.260000	0.592357	0.805675	0.559665	0.828719
-7.240000	0.608351	0.793668	0.576126	0.817361
-7.220000	0.624102	0.781343	0.592357	0.805675
-7.200000	0.639603	0.768705	0.608351	0.793668
-7.180000	0.654848	0.755761	0.624102	0.781343
-7.160000	0.669831	0.742513	0.639603	0.768705
-7.140000	0.684547	0.728969	0.654848	0.755761
-7.120000	0.698988	0.715133	0.669831	0.742513
-7.100000	0.713150	0.701011	0.684547	0.728969
-7.080000	0.727027	0.686609	0.698988	0.715133
-7.060000	0.740613	0.671932	0.713150	0.701011
-7.040000	0.753902	0.656987	0.727027	0.686609
-7.020000	0.766890	0.641778	0.740613	0.671932
-7.000000	0.779572	0.626313	0.753902	0.656987
-6.980000	0.791941	0.610597	0.766890	0.641778
-6.960000	0.803994	0.594637	0.779572	0.626313
-6.940000	0.815725	0.578440	0.791941	0.610597
-6.920000	0.827130	0.562011	0.803994	0.594637
-6.900000	0.838204	0.545357	0.815725	0.578440
-6.880000	0.848943	0.528485	0.827130	0.562011
-6.860000	0.859342	0.511401	0.838204	0.545357
-6.840000	0.869397	0.494113	0.848943	0.528485
-6.820000	0.879105	0.476628	0.859342	0.511401
-6.800000	0.888461	0.458951	0.869397	0.494113
-6.780000	0.897462	0.441092	0.879105	0.476628
-6.760000	0.906104	0.423055	0.888461	0.458951
-6.740000	0.914383	0.404850	0.897462	0.441092
-6.720000	0.922297	0.386483	0.906104	0.423055
-6.700000	0.929841	0.367961	0.914383	0.404850
-6.680000	0.937014	0.349291	0.922297	0.386483
-6.660000	0.943812	0.330482	0.929841	0.367961
-6.640000	0.950233	0.311541	0.937014	0.349291
-6.620000	0.956273	0.292476	0.943812	0.330482
-6.600000	0.961931	0.273293	0.950233	0.311541
-6.580000	0.967204	0.254001	0.956273	0.292476
-6.560000	0.972090	0.234607	0.961931	0.273293
-6.540000	0.976588	0.215120	0.967204	0.254001
-6.520000	0.980694	0.195547	0.972090	0.234607
-6.500000	0.984409	0.175895	0.976588	0.215120
-6.480000	0.987730	0.156173	0.980694	0.195547
-6.460000	0.990655	0.136388	0.984409	0.175895
-6.440000	0.993185	0.116549	0.987730	0.156173
-6.420000	0.995317	0.096664	0.990655	0.136388
-6.400000	0.997051	0.076739	0.993185	0.116549
-6.380000	0.998386	0.056784	0.995317	0.096664
-6.360000	0.999322	0.036806	0.997051	0.076739
-6.340000	0.999859	0.016814	0.998386	0.056784
-6.320000	0.999995	-0.003185	0.999322	0.036806
-6.300000	0.999731	-0.023183	0.999859	0.016814
-6.280000	0.999068	-0.043172	0.999995	-0.003185
-6.260000	0.998004	-0.063143	0.999731	-0.023183
-6.240000	0.996542	-0.083089	0.999068	-0.043172
-6.220000	0.994681	-0.103002	0.998004	-0.063143
-6.200000	0.992422	-0.122874	0.996542	-0.083089
-6.180000	0.989766	-0.142697	0.994681	-0.103002
-6.160000	0.986715	-0.162462	0.992422	-0.122874
-6.140000	0.983268	-0.182163	0.989766	-0.142697
-6.120000	0.979429	-0.201790	0.986715	-0.162462
-6.100000	0.975197	-0.221337	0.983268	-0.182163
-6.080000	0.970576	-0.240795	0.979429	-0.201790
-6.060000	0.965566	-0.260157	0.975197	-0.221337
-6.040000	0.960170	-0.279415	0.970576	-0.240795
-6.020000	0.954390	-0.298562	0.965566	-0.260157
-6.000000	0.948229	-0.317589	0.960170	-0.279415
-5.980000	0.941688	-0.336488	0.954390	-0.298562
-5.960000	0.934770	-0.355254	0.948229	-0.317589
-5.940000	0.927478	-0.373877	0.941688	-0.336488
-5.920000	0.919816	-0.392350	0.934770	-0.355254
-5.900000	0.911785	-0.410667	0.927478	-0.373877
-5.880000	0.903390	-0.428819	0.919816	-0.392350
-5.860000	0.894634	-0.446800	0.911785	-0.410667
-5.840000	0.885520	-0.464602	0.903390	-0.428819
-5.820000	0.876051	-0.482218	0.894634	-0.446800
-5.800000	0.866232	-0.499642	0.885520	-0.464602
-5.780000	0.856067	-0.516865	0.876051	-0.482218
-5.760000	0.845559	-0.533882	0.866232	-0.499642
-5.740000	0.834713	-0.550686	0.856067	-0.516865
-5.720000	0.823533	-0.567269	0.845559	-0.533882
-5.700000	0.812024	-0.583625	0.834713	-0.550686
-5.680000	0.800189	-0.599747	0.823533	-0.567269
-5.660000	0.788035	-0.615630	0.812024	-0.583625
-5.640000	0.775566	-0.631267	0.800189	-0.599747
-5.620000	0.762786	-0.646651	0.788035	-0.615630
-5.600000	0.749702	-0.661776	0.775566	-0.631267
-5.580000	0.736317	-0.676637	0.762786	-0.646651
-5.560000	0.722638	-0.691227	0.749702	-0.661776
-5.540000	0.708670	-0.705540	0.736317	-0.676637
-5.520000	0.694418	-0.719572	0.722638	-0.691227
-5.500000	0.679889	-0.733315	0.708670	-0.705540
-5.480000	0.665088	-0.746765	0.694418	-0.719572
-5.460000	0.650020	-0.759917	0.679889	-0.733315
-5.440000	0.634693	-0.772764	0.665088	-0.746765
-5.420000	0.619112	-0.785303	0.650020	-0.759917
-5.400000	0.603283	-0.797527	0.634693	-0.772764
-5.380000	0.587213	-0.809433	0.619112	-0.785303
-5.360000	0.570908	-0.821014	0.603283	-0.797527
-5.340000	0.554374	-0.832267	0.587213	-0.809433
-5.320000	0.537619	-0.843188	0.570908	-0.821014
-5.300000	0.520649	-0.853771	0.554374	-0.832267
-5.280000	0.503471	-0.864012	0.537619	-0.843188
-5.260000	0.486091	-0.873908	0.520649	-0.853771
-5.240000	0.468517	-0.883455	0.503471	-0.864012
-5.220000	0.450755	-0.892648	0.486091	-0.873908
-5.200000	0.432813	-0.901484	0.468517	-0.883455
-5.180000	0.414698	-0.909959	0.450755	-0.892648
-5.160000	0.396417	-0.918070	0.432813	-0.901484
-5.140000	0.377978	-0.925815	0.414698	-0.909959
-5.120000	0.359387	-0.933189	0.396417	-0.918070
-5.100000	0.340653	-0.940189	0.377978	-0.925815
-5.080000	0.321782	-0.946814	0.359387	-0.933189
-5.060000	0.302783	-0.953060	0.340653	-0.940189
-5.040000	0.283662	-0.958924	0.321782	-0.946814
-5.020000	0.264428	-0.964405	0.302783	-0.953060
-5.000000	0.245089	-0.969501	0.283662	-0.958924
-4.980000	0.225651	-0.974208	0.264428	-0.964405
-4.960000	0.206123	-0.978526	0.245089	-0.969501
-4.940000	0.186512	-0.982453	0.225651	-0.974208
-4.920000	0.166827	-0.985986	0.206123	-0.978526
-4.900000	0.147076	-0.989125	0.186512	-0.982453
-4.880000	0.127265	-0.991869	0.166827	-0.985986
-4.860000	0.107403	-0.994216	0.147076	-0.989125
-4.840000	0.087499	-0.996165	0.127265	-0.991869
-4.820000	0.067560	-0.997715	0.107403	-0.994216
-4.800000	0.047593	-0.998867	0.087499	-0.996165
-4.780000	0.027608	-0.999619	0.067560	-0.997715
-4.760000	0.007611	-0.999971	0.047593	-0.998867
-4.740000	-0.012389	-0.999923	0.027608	-0.999619
-4.720000	-0.032383	-0.999476	0.007611	-0.999971
-4.700000	-0.052365	-0.998628	-0.012389	-0.999923
-4.680000	-0.072326	-0.997381	-0.032383	-0.999476
-4.660000	-0.092258	-0.995735	-0.052365	-0.998628
-4.640000	-0.112153	-0.993691	-0.072326	-0.997381
-4.620000	-0.132003	-0.991249	-0.092258	-0.995735
-4.600000	-0.151800	-0.988411	-0.112153	-0.993691
-4.580000	-0.171536	-0.985178	-0.132003	-0.991249
-4.560000	-0.191204	-0.981550	-0.151800	-0.988411
-4.540000	-0.210796	-0.977530	-0.171536	-0.985178
-4.520000	-0.230303	-0.973119	-0.191204	-0.981550
-4.500000	-0.249718	-0.968319	-0.210796	-0.977530
-4.480000	-0.269033	-0.963131	-0.230303	-0.973119
-4.460000	-0.288241	-0.957558	-0.249718	-0.968319
-4.440000	-0.307333	-0.951602	-0.269033	-0.963131
-4.420000	-0.326302	-0.945266	-0.288241	-0.957558
-4.400000	-0.345141	-0.938551	-0.307333	-0.951602
-4.380000	-0.363842	-0.931461	-0.326302	-0.945266
-4.360000	-0.382397	-0.923998	-0.345141	-0.938551
-4.340000	-0.400799	-0.916166	-0.363842	-0.931461
-4.320000	-0.419041	-0.907967	-0.382397	-0.923998
-4.300000	-0.437115	-0.899405	-0.400799	-0.916166
-4.280000	-0.455015	-0.890484	-0.419041	-0.907967
-4.260000	-0.472732	-0.881206	-0.437115	-0.899405
-4.240000	-0.490261	-0.871576	-0.455015	-0.890484
-4.220000	-0.507593	-0.861597	-0.472732	-0.881206
-4.200000	-0.524722	-0.851273	-0.490261	-0.871576
-4.180000	-0.541642	-0.840609	-0.507593	-0.861597
-4.160000	-0.558345	-0.829609	-0.524722	-0.851273
-4.140000	-0.574824	-0.818277	-0.541642	-0.840609
-4.120000	-0.591073	-0.806618	-0.558345	-0.829609
-4.100000	-0.607087	-0.794636	-0.574824	-0.818277
-4.080000	-0.622857	-0.782336	-0.591073	-0.806618
-4.060000	-0.638378	-0.769723	-0.607087	-0.794636
-4.040000	-0.653644	-0.756802	-0.622857	-0.782336
-4.020000	-0.668648	-0.743579	-0.638378	-0.769723
-4.000000	-0.683385	-0.730058	-0.653644	-0.756802
-3.980000	-0.697848	-0.716246	-0.668648	-0.743579
-3.960000	-0.712033	-0.702146	-0.683385	-0.730058
-3.940000	-0.725932	-0.687766	-0.697848	-0.716246
-3.920000	-0.739542	-0.673111	-0.712033	-0.702146
-3.900000	-0.752855	-0.658186	-0.725932	-0.687766
-3.880000	-0.765867	-0.642999	-0.739542	-0.673111
-3.860000	-0.778573	-0.627554	-0.752855	-0.658186
-3.840000	-0.790968	-0.611858	-0.765867	-0.642999
-3.820000	-0.803046	-0.595917	-0.778573	-0.627554
-3.800000	-0.814803	-0.579738	-0.790968	-0.611858
-3.780000	-0.826234	-0.563327	-0.803046	-0.595917
-3.760000	-0.837334	-0.546691	-0.814803	-0.579738
-3.740000	-0.848100	-0.529836	-0.826234	-0.563327
-3.720000	-0.858526	-0.512769	-0.837334	-0.546691
-3.700000	-0.868609	-0.495497	-0.848100	-0.529836
-3.680000	-0.878345	-0.478027	-0.858526	-0.512769
-3.660000	-0.887729	-0.460366	-0.868609	-0.495497
-3.640000	-0.896758	-0.442520	-0.878345	-0.478027
-3.620000	-0.905429	-0.424498	-0.887729	-0.460366
-3.600000	-0.913737	-0.406306	-0.896758	-0.442520
-3.580000	-0.921680	-0.387951	-0.905429	-0.424498
-3.560000	-0.929254	-0.369441	-0.913737	-0.406306
-3.540000	-0.936457	-0.350783	-0.921680	-0.387951
-3.520000	-0.943285	-0.331985	-0.929254	-0.369441
-3.500000	-0.949735	-0.313054	-0.936457	-0.350783
-3.480000	-0.955806	-0.293998	-0.943285	-0.331985
-3.460000	-0.961494	-0.274825	-0.949735	-0.313054
-3.440000	-0.966798	-0.255541	-0.955806	-0.293998
-3.420000	-0.971715	-0.236155	-0.961494	-0.274825
-3.400000	-0.976244	-0.216675	-0.966798	-0.255541
-3.380000	-0.980382	-0.197108	-0.971715	-0.236155
-3.360000	-0.984128	-0.177462	-0.976244	-0.216675
-3.340000	-0.987480	-0.157746	-0.980382	-0.197108
-3.320000	-0.990437	-0.137966	-0.984128	-0.177462
-3.300000	-0.992998	-0.118131	-0.987480	-0.157746
-3.280000	-0.995162	-0.098249	-0.990437	-0.137966
-3.260000	-0.996928	-0.078327	-0.992998	-0.118131
-3.240000	-0.998295	-0.058374	-0.995162	-0.098249
-3.220000	-0.999263	-0.038398	-0.996928	-0.078327
-3.200000	-0.999831	-0.018406	-0.998295	-0.058374
-3.180000	-0.999999	0.001593	-0.999263	-0.038398
-3.160000	-0.999767	0.021591	-0.999831	-0.018406
-3.140000	-0.999135	0.041581	-0.999999	0.001593
-3.120000	-0.998104	0.061554	-0.999767	0.021591
-3.100000	-0.996673	0.081502	-0.999135	0.041581
-3.080000	-0.994844	0.101418	-0.998104	0.061554
-3.060000	-0.992617	0.121293	-0.996673	0.081502
-3.040000	-0.989992	0.141120	-0.994844	0.101418
-3.020000	-0.986972	0.160890	-0.992617	0.121293
-3.000000	-0.983557	0.180596	-0.989992	0.141120
-2.980000	-0.979749	0.200230	-0.986972	0.160890
-2.960000	-0.975549	0.219784	-0.983557	0.180596
-2.940000	-0.970958	0.239249	-0.979749	0.200230
-2.920000	-0.965979	0.258619	-0.975549	0.219784
-2.900000	-0.960614	0.277886	-0.970958	0.239249
-2.880000	-0.954865	0.297041	-0.965979	0.258619
-2.860000	-0.948733	0.316078	-0.960614	0.277886
-2.840000	-0.942222	0.334988	-0.954865	0.297041
-2.820000	-0.935335	0.353764	-0.948733	0.316078
-2.800000	-0.928073	0.372399	-0.942222	0.334988
-2.780000	-0.920440	0.390885	-0.935335	0.353764
-2.760000	-0.912438	0.409214	-0.928073	0.372399
-2.740000	-0.904072	0.427380	-0.920440	0.390885
-2.720000	-0.895344	0.445375	-0.912438	0.409214
-2.700000	-0.886258	0.463191	-0.904072	0.427380
-2.680000	-0.876818	0.480823	-0.895344	0.445375
-2.660000	-0.867027	0.498262	-0.886258	0.463191
-2.640000	-0.856889	0.515501	-0.876818	0.480823
-2.620000	-0.846408	0.532535	-0.867027	0.498262
-2.600000	-0.835589	0.549355	-0.856889	0.515501
-2.580000	-0.824435	0.565956	-0.846408	0.532535
-2.560000	-0.812952	0.582331	-0.835589	0.549355
-2.540000	-0.801144	0.598472	-0.824435	0.565956
-2.520000	-0.789015	0.614374	-0.812952	0.582331
-2.500000	-0.776570	0.630031	-0.801144	0.598472
-2.480000	-0.763815	0.645435	-0.789015	0.614374
-2.460000	-0.750755	0.660581	-0.776570	0.630031
-2.440000	-0.737394	0.675463	-0.763815	0.645435
-2.420000	-0.723738	0.690075	-0.750755	0.660581
-2.400000	-0.709793	0.704411	-0.737394	0.675463
-2.380000	-0.695563	0.718465	-0.723738	0.690075
-2.360000	-0.681056	0.732231	-0.709793	0.704411
-2.340000	-0.666276	0.745705	-0.695563	0.718465
-2.320000	-0.651230	0.758881	-0.681056	0.732231
-2.300000	-0.635923	0.771753	-0.666276	0.745705
-2.280000	-0.620362	0.784316	-0.651230	0.758881
-2.260000	-0.604552	0.796565	-0.635923	0.771753
-2.240000	-0.588501	0.808496	-0.620362	0.784316
-2.220000	-0.572215	0.820104	-0.604552	0.796565
-2.200000	-0.555699	0.831383	-0.588501	0.808496
-2.180000	-0.538961	0.842330	-0.572215	0.820104
-2.160000	-0.522008	0.852940	-0.555699	0.831383
-2.140000	-0.504846	0.863209	-0.538961	0.842330
-2.120000	-0.487482	0.873133	-0.522008	0.852940
-2.100000	-0.469923	0.882707	-0.504846	0.863209
-2.080000	-0.452176	0.891929	-0.487482	0.873133
-2.060000	-0.434248	0.900793	-0.469923	0.882707
-2.040000	-0.416147	0.909297	-0.452176	0.891929
-2.020000	-0.397879	0.917438	-0.434248	0.900793
-2.000000	-0.379452	0.925212	-0.416147	0.909297
-1.980000	-0.360873	0.932615	-0.397879	0.917438
-1.960000	-0.342150	0.939645	-0.379452	0.925212
-1.940000	-0.323290	0.946300	-0.360873	0.932615
-1.920000	-0.304300	0.952576	-0.342150	0.939645
-1.900000	-0.285189	0.958471	-0.323290	0.946300
-1.880000	-0.265964	0.963983	-0.304300	0.952576
-1.860000	-0.246632	0.969109	-0.285189	0.958471
-1.840000	-0.227202	0.973848	-0.265964	0.963983
-1.820000	-0.207681	0.978197	-0.246632	0.969109
-1.800000	-0.188077	0.982154	-0.227202	0.973848
-1.780000	-0.168397	0.985719	-0.207681	0.978197
-1.760000	-0.148651	0.988890	-0.188077	0.982154
-1.740000	-0.128844	0.991665	-0.168397	0.985719
-1.720000	-0.108987	0.994043	-0.148651	0.988890
-1.700000	-0.089085	0.996024	-0.128844	0.991665
-1.680000	-0.069148	0.997606	-0.108987	0.994043
-1.660000	-0.049184	0.998790	-0.089085	0.996024
-1.640000	-0.029200	0.999574	-0.069148	0.997606
-1.620000	-0.009204	0.999958	-0.049184	0.998790
-1.600000	0.010796	0.999942	-0.029200	0.999574
-1.580000	0.030791	0.999526	-0.009204	0.999958
-1.560000	0.050774	0.998710	0.010796	0.999942
-1.540000	0.070737	0.997495	0.030791	0.999526
-1.520000	0.090672	0.995881	0.050774	0.998710
-1.500000	0.110570	0.993868	0.070737	0.997495
-1.480000	0.130424	0.991458	0.090672	0.995881
-1.460000	0.150225	0.988652	0.110570	0.993868
-1.440000	0.169967	0.985450	0.130424	0.991458
-1.420000	0.189641	0.981854	0.150225	0.988652
-1.400000	0.209239	0.977865	0.169967	0.985450
-1.380000	0.228753	0.973485	0.189641	0.981854
-1.360000	0.248175	0.968715	0.209239	0.977865
-1.340000	0.267499	0.963558	0.228753	0.973485
-1.320000	0.286715	0.958016	0.248175	0.968715
-1.300000	0.305817	0.952090	0.267499	0.963558
-1.280000	0.324796	0.945784	0.286715	0.958016
-1.260000	0.343646	0.939099	0.305817	0.952090
-1.240000	0.362358	0.932039	0.324796	0.945784
-1.220000	0.380925	0.924606	0.343646	0.939099
-1.200000	0.399340	0.916803	0.362358	0.932039
-1.180000	0.417595	0.908633	0.380925	0.924606
-1.160000	0.435682	0.900100	0.399340	0.916803
-1.140000	0.453596	0.891207	0.417595	0.908633
-1.120000	0.471328	0.881958	0.435682	0.900100
-1.100000	0.488872	0.872355	0.453596	0.891207
-1.080000	0.506220	0.862404	0.471328	0.881958
-1.060000	0.523366	0.852108	0.488872	0.872355
-1.040000	0.540302	0.841471	0.506220	0.862404
-1.020000	0.557023	0.830497	0.523366	0.852108
-1.000000	0.573520	0.819192	0.540302	0.841471
-0.980000	0.589788	0.807558	0.557023	0.830497
-0.960000	0.605820	0.795602	0.573520	0.819192
-0.940000	0.621610	0.783327	0.589788	0.807558
-0.920000	0.637151	0.770739	0.605820	0.795602
-0.900000	0.652437	0.757843	0.621610	0.783327
-0.880000	0.667463	0.744643	0.637151	0.770739
-0.860000	0.682221	0.731146	0.652437	0.757843
-0.840000	0.696707	0.717356	0.667463	0.744643
-0.820000	0.710914	0.703279	0.682221	0.731146
-0.800000	0.724836	0.688921	0.696707	0.717356
-0.780000	0.738469	0.674288	0.710914	0.703279
-0.760000	0.751806	0.659385	0.724836	0.688921
-0.740000	0.764842	0.644218	0.738469	0.674288
-0.720000	0.777573	0.628793	0.751806	0.659385
-0.700000	0.789992	0.613117	0.764842	0.644218
-0.680000	0.802096	0.597195	0.777573	0.628793
-0.660000	0.813878	0.581035	0.789992	0.613117
-0.640000	0.825336	0.564642	0.802096	0.597195
-0.620000	0.836463	0.548024	0.813878	0.581035
-0.600000	0.847255	0.531186	0.825336	0.564642
-0.580000	0.857709	0.514136	0.836463	0.548024
-0.560000	0.867819	0.496880	0.847255	0.531186
-0.540000	0.877583	0.479426	0.857709	0.514136
-0.520000	0.886995	0.461779	0.867819	0.496880
-0.500000	0.896052	0.443948	0.877583	0.479426
-0.480000	0.904752	0.425939	0.886995	0.461779
-0.460000	0.913089	0.407760	0.896052	0.443948
-0.440000	0.921061	0.389418	0.904752	0.425939
-0.420000	0.928665	0.370920	0.913089	0.407760
-0.400000	0.935897	0.352274	0.921061	0.389418
-0.380000	0.942755	0.333487	0.928665	0.370920
-0.360000	0.949235	0.314567	0.935897	0.352274
-0.340000	0.955336	0.295520	0.942755	0.333487
-0.320000	0.961055	0.276356	0.949235	0.314567
-0.300000	0.966390	0.257081	0.955336	0.295520
-0.280000	0.971338	0.237703	0.961055	0.276356
-0.260000	0.975897	0.218230	0.966390	0.257081
-0.240000	0.980067	0.198669	0.971338	0.237703
-0.220000	0.983844	0.179030	0.975897	0.218230
-0.200000	0.987227	0.159318	0.980067	0.198669
-0.180000	0.990216	0.139543	0.983844	0.179030
-0.160000	0.992809	0.119712	0.987227	0.159318
-0.140000	0.995004	0.099833	0.990216	0.139543
-0.120000	0.996802	0.079915	0.992809	0.119712
-0.100000	0.998201	0.059964	0.995004	0.099833
-0.080000	0.999200	0.039989	0.996802	0.079915
-0.060000	0.999800	0.019999	0.998201	0.059964
-0.040000	1.000000	-0.000000	0.999200	0.039989
-0.020000	0.999733	-0.019997	0.999800	0.019999
0.000000	0.998334	-0.039971	1.000000	-0.000000
0.020000	0.995803	-0.059897	0.999400	0.049272
0.040000	0.992077	-0.079752	0.997601	0.098485
0.060000	0.987161	-0.099511	0.994605	0.147580
0.080000	0.981061	-0.119151	0.990415	0.196498
0.100000	0.973783	-0.138648	0.985037	0.245180
0.120000	0.965337	-0.157978	0.978478	0.293568
0.140000	0.955733	-0.177119	0.970744	0.341603
0.160000	0.944982	-0.196048	0.961845	0.389229
0.180000	0.933097	-0.214741	0.951792	0.436388
0.200000	0.920092	-0.233176	0.940598	0.483023
0.220000	0.905984	-0.251332	0.928274	0.529078
0.240000	0.890788	-0.269186	0.914837	0.574499
0.260000	0.874524	-0.286717	0.900302	0.619230
0.280000	0.857210	-0.303904	0.884687	0.663219
0.300000	0.838867	-0.320726	0.868010	0.706411
0.320000	0.819519	-0.337164	0.850292	0.748756
0.340000	0.799186	-0.353197	0.831554	0.790203
0.360000	0.777895	-0.368806	0.811817	0.830701
0.380000	0.755671	-0.383973	0.791107	0.870203
0.400000	0.732539	-0.398679	0.769448	0.908660
0.420000	0.708529	-0.412907	0.746865	0.946028
0.440000	0.683669	-0.426639	0.723386	0.982260
0.460000	0.657988	-0.439859	0.699039	1.017313
0.480000	0.631518	-0.452552	0.673854	1.051146
0.500000	0.604290	-0.464701	0.647859	1.083718
0.520000	0.576337	-0.476293	0.621088	1.114989
0.540000	0.547693	-0.487314	0.593571	1.144922
0.560000	0.518391	-0.497749	0.565342	1.173482
0.580000	0.488467	-0.507588	0.536435	1.200634
0.600000	0.457957	-0.516817	0.506884	1.226345
0.620000	0.426898	-0.525426	0.476725	1.250584
0.640000	0.395326	-0.533405	0.445993	1.273323
0.660000	0.363281	-0.540744	0.414727	1.294534
0.680000	0.330799	-0.547434	0.382963	1.314192
0.700000	0.297920	-0.553467	0.350740	1.332273
0.720000	0.264684	-0.558836	0.318095	1.348756
0.740000	0.231130	-0.563535	0.285069	1.363620
0.760000	0.197299	-0.567557	0.251701	1.376847
0.780000	0.163231	-0.570898	0.218031	1.388423
0.800000	0.128968	-0.573555	0.184100	1.398333
0.820000	0.094549	-0.575523	0.149947	1.406565
0.840000	0.060017	-0.576800	0.115615	1.413110
0.860000	0.025414	-0.577386	0.081143	1.417958
0.880000	-0.009221	-0.577279	0.046575	1.421106
0.900000	-0.043844	-0.576479	0.011950	1.422548
0.920000	-0.078415	-0.574987	-0.022688	1.422284
0.940000	-0.112891	-0.572805	-0.057300	1.420312
0.960000	-0.147233	-0.569936	-0.091843	1.416637
0.980000	-0.181397	-0.566384	-0.126275	1.411262
1.000000	-0.215344	-0.562151	-0.160557	1.404193
1.020000	-0.249032	-0.557244	-0.194645	1.395440
1.040000	-0.282422	-0.551669	-0.228500	1.385012
1.060000	-0.315473	-0.545432	-0.262081	1.372922
1.080000	-0.348145	-0.538540	-0.295347	1.359185
1.100000	-0.380400	-0.531002	-0.328259	1.343818
1.120000	-0.412198	-0.522826	-0.360777	1.326837
1.140000	-0.443501	-0.514024	-0.392862	1.308265
1.160000	-0.474272	-0.504605	-0.424476	1.288123
1.180000	-0.504475	-0.494580	-0.455580	1.266435
1.200000	-0.534072	-0.483962	-0.486138	1.243228
1.220000	-0.563028	-0.472763	-0.516112	1.218529
1.240000	-0.591308	-0.460997	-0.545467	1.192368
1.260000	-0.618879	-0.448677	-0.574168	1.164777
1.280000	-0.645708	-0.435820	-0.602180	1.135787
1.300000	-0.671762	-0.422439	-0.629469	1.105435
1.320000	-0.697009	-0.408552	-0.656003	1.073757
1.340000	-0.721421	-0.394174	-0.681750	1.040790
1.360000	-0.744966	-0.379323	-0.706679	1.006574
1.380000	-0.767618	-0.364018	-0.730759	0.971151
1.400000	-0.789349	-0.348275	-0.753963	0.934562
1.420000	-0.810133	-0.332115	-0.776263	0.896852
1.440000	-0.829944	-0.315556	-0.797631	0.858066
1.460000	-0.848760	-0.298618	-0.818042	0.818250
1.480000	-0.866558	-0.281322	-0.837471	0.777452
1.500000	-0.883315	-0.263689	-0.855895	0.735722
1.520000	-0.899013	-0.245739	-0.873293	0.693109
1.540000	-0.913632	-0.227494	-0.889643	0.649664
1.560000	-0.927155	-0.208977	-0.904925	0.605439
1.580000	-0.939565	-0.190208	-0.919121	0.560488
1.600000	-0.950848	-0.171212	-0.932215	0.514865
1.620000	-0.960990	-0.152010	-0.944190	0.468624
1.640000	-0.969979	-0.132625	-0.955032	0.421820
1.660000	-0.977804	-0.113082	-0.964728	0.374511
1.680000	-0.984456	-0.093402	-0.973267	0.326752
1.700000	-0.989927	-0.073611	-0.980637	0.278601
1.720000	-0.994210	-0.053731	-0.986832	0.230116
1.740000	-0.997299	-0.033787	-0.991842	0.181354
1.760000	-0.999193	-0.013803	-0.995662	0.132375
1.780000	-0.999887	0.006199	-0.998287	0.083238
1.800000	-0.999382	0.026192	-0.999714	0.034000
1.820000	-0.997677	0.046155	-0.999942	-0.015279
1.840000	-0.994776	0.066062	-0.998970	-0.064539
1.860000	-0.990680	0.085890	-0.996800	-0.113722
1.880000	-0.985396	0.105614	-0.993433	-0.162768
1.900000	-0.978930	0.125212	-0.988875	-0.211619
1.920000	-0.971289	0.144660	-0.983130	-0.260216
1.940000	-0.962483	0.163934	-0.976205	-0.308501
1.960000	-0.952522	0.183011	-0.968109	-0.356415
1.980000	-0.941418	0.201869	-0.958851	-0.403902
2.000000	-0.929184	0.220485	-0.948443	-0.450905
2.020000	-0.915835	0.238836	-0.936897	-0.497366
2.040000	-0.901388	0.256900	-0.924227	-0.543231
2.060000	-0.885859	0.274657	-0.910447	-0.588443
2.080000	-0.869267	0.292083	-0.895576	-0.632950
2.100000	-0.851632	0.309159	-0.879629	-0.676697
2.120000	-0.832975	0.325865	-0.862628	-0.719633
2.140000	-0.813319	0.342179	-0.844591	-0.761704
2.160000	-0.792687	0.358083	-0.825540	-0.802862
2.180000	-0.771103	0.373557	-0.805500	-0.843057
2.200000	-0.748595	0.388583	-0.784492	-0.882240
2.220000	-0.725188	0.403142	-0.762544	-0.920364
2.240000	-0.700911	0.417218	-0.739680	-0.957384
2.260000	-0.675793	0.430793	-0.715929	-0.993255
2.280000	-0.649865	0.443851	-0.691319	-1.027935
2.300000	-0.623156	0.456377	-0.665880	-1.061381
2.320000	-0.595700	0.468355	-0.639641	-1.093554
2.340000	-0.567529	0.479772	-0.612635	-1.124414
2.360000	-0.538677	0.490612	-0.584894	-1.153925
2.380000	-0.509178	0.500864	-0.556451	-1.182052
2.400000	-0.479069	0.510515	-0.527340	-1.208760
2.420000	-0.448385	0.519553	-0.497597	-1.234018
2.440000	-0.417163	0.527968	-0.467256	-1.257796
2.460000	-0.385440	0.535749	-0.436355	-1.280064
2.480000	-0.353255	0.542888	-0.404931	-1.300796
2.500000	-0.320646	0.549375	-0.373020	-1.319968
2.520000	-0.287652	0.555203	-0.340662	-1.337555
2.540000	-0.254313	0.560365	-0.307895	-1.353538
2.560000	-0.220669	0.564854	-0.274759	-1.367896
2.580000	-0.186760	0.568666	-0.241293	-1.380614
2.600000	-0.152628	0.571795	-0.207537	-1.391674
2.620000	-0.118311	0.574239	-0.173533	-1.401065
2.640000	-0.083853	0.575993	-0.139320	-1.408775
2.660000	-0.049295	0.577056	-0.104940	-1.414795
2.680000	-0.014677	0.577427	-0.070434	-1.419116
2.700000	0.019958	0.577105	-0.035844	-1.421736
2.720000	0.054570	0.576090	-0.001211	-1.422649
2.740000	0.089116	0.574384	0.033424	-1.421855
2.760000	0.123555	0.571989	0.068019	-1.419355
2.780000	0.157845	0.568908	0.102532	-1.415152
2.800000	0.191947	0.565144	0.136922	-1.409251
2.820000	0.225818	0.560702	0.171148	-1.401659
2.840000	0.259418	0.555587	0.205168	-1.392385
2.860000	0.292707	0.549806	0.238942	-1.381441
2.880000	0.325645	0.543364	0.272430	-1.368839
2.900000	0.358191	0.536271	0.305590	-1.354595
2.920000	0.390309	0.528535	0.338384	-1.338725
2.940000	0.421957	0.520164	0.370772	-1.321249
2.960000	0.453100	0.511169	0.402715	-1.302187
2.980000	0.483699	0.501561	0.434175	-1.281563
3.000000	0.513717	0.491351	0.465114	-1.259402
3.020000	0.543119	0.480551	0.495495	-1.235729
3.040000	0.571869	0.469175	0.525281	-1.210574
3.060000	0.599934	0.457236	0.554437	-1.183966
3.080000	0.627278	0.444748	0.582928	-1.155937
3.100000	0.653870	0.431726	0.610719	-1.126521
3.120000	0.679677	0.418187	0.637778	-1.095754
3.140000	0.704668	0.404146	0.664071	-1.063672
3.160000	0.728814	0.389620	0.689567	-1.030314
3.180000	0.752086	0.374626	0.714236	-0.995719
3.200000	0.774455	0.359183	0.738049	-0.959930
3.220000	0.795895	0.343309	0.760975	-0.922988
3.240000	0.816380	0.327022	0.782988	-0.884940
3.260000	0.835885	0.310344	0.804062	-0.845829
3.280000	0.854388	0.293293	0.824171	-0.805704
3.300000	0.871865	0.275890	0.843292	-0.764612
3.320000	0.888296	0.258157	0.861400	-0.722602
3.340000	0.903662	0.240113	0.878475	-0.679726
3.360000	0.917943	0.221781	0.894496	-0.636034
3.380000	0.931122	0.203184	0.909443	-0.591578
3.400000	0.943184	0.184342	0.923299	-0.546413
3.420000	0.954115	0.165279	0.936048	-0.500592
3.440000	0.963901	0.146018	0.947673	-0.454171
3.460000	0.972530	0.126582	0.958161	-0.407205
3.480000	0.979992	0.106994	0.967500	-0.359750
3.500000	0.986279	0.087277	0.975677	-0.311863
3.520000	0.991382	0.067456	0.982684	-0.263602
3.540000	0.995295	0.047554	0.988512	-0.215025
3.560000	0.998015	0.027595	0.993153	-0.166190
3.580000	0.999536	0.007602	0.996603	-0.117155
3.600000	0.999859	-0.012399	0.998858	-0.067980
3.620000	0.998981	-0.032386	0.999913	-0.018723
3.640000	0.996906	-0.052334	0.999769	0.030556
3.660000	0.993633	-0.072219	0.998426	0.079798
3.680000	0.989169	-0.092017	0.995884	0.128945
3.700000	0.983518	-0.111705	0.992147	0.177937
3.720000	0.976686	-0.131259	0.987220	0.226715
3.740000	0.968683	-0.150655	0.981109	0.275222
3.760000	0.959518	-0.169871	0.973820	0.323398
3.780000	0.949201	-0.188882	0.965363	0.371186
3.800000	0.937745	-0.207668	0.955747	0.418529
3.820000	0.925164	-0.226204	0.944985	0.465370
3.840000	0.911473	-0.244468	0.933088	0.511652
3.860000	0.896688	-0.262439	0.920073	0.557320
3.880000	0.880828	-0.280096	0.905953	0.602320
3.900000	0.863910	-0.297416	0.890746	0.646597
3.920000	0.845956	-0.314379	0.874470	0.690098
3.940000	0.826987	-0.330965	0.857145	0.732771
3.960000	0.807026	-0.347154	0.838792	0.774565
3.980000	0.786096	-0.362927	0.819432	0.815429
4.000000	0.764223	-0.378264	0.799089	0.855315
4.020000	0.741433	-0.393147	0.777787	0.894175
4.040000	0.717753	-0.407559	0.755552	0.931962
4.060000	0.693212	-0.421481	0.732410	0.968630
4.080000	0.667840	-0.434898	0.708390	1.004137
4.100000	0.641666	-0.447792	0.683519	1.038438
4.120000	0.614722	-0.460150	0.657829	1.071494
4.140000	0.587041	-0.471955	0.631349	1.103263
4.160000	0.558655	-0.483195	0.604111	1.133709
4.180000	0.529599	-0.493854	0.576149	1.162795
4.200000	0.499907	-0.503921	0.547495	1.190486
4.220000	0.469616	-0.513383	0.518185	1.216748
4.240000	0.438761	-0.522229	0.488252	1.241550
4.260000	0.407380	-0.530449	0.457734	1.264862
4.280000	0.375509	-0.538032	0.426667	1.286657
4.300000	0.343189	-0.544969	0.395088	1.306908
4.320000	0.310456	-0.551253	0.363034	1.325591
4.340000	0.277351	-0.556875	0.330545	1.342683
4.360000	0.243913	-0.561829	0.297660	1.358164
4.380000	0.210183	-0.566109	0.264417	1.372016
4.400000	0.176200	-0.569709	0.230857	1.384221
4.420000	0.142006	-0.572626	0.197020	1.394765
4.440000	0.107642	-0.574856	0.162946	1.403636
4.460000	0.073148	-0.576396	0.128677	1.410823
4.480000	0.038567	-0.577245	0.094254	1.416316
4.500000	0.003939	-0.577401	0.059717	1.420111
4.520000	-0.030693	-0.576864	0.025109	1.422201
4.540000	-0.065289	-0.575635	-0.009529	1.422585
4.560000	-0.099806	-0.573715	-0.044156	1.421262
4.580000	-0.134204	-0.571107	-0.078730	1.418234
4.600000	-0.168440	-0.567814	-0.113209	1.413504
4.620000	-0.202475	-0.563839	-0.147552	1.407078
4.640000	-0.236266	-0.559188	-0.181719	1.398963
4.660000	-0.269774	-0.553866	-0.215667	1.389170
4.680000	-0.302958	-0.547879	-0.249357	1.377711
4.700000	-0.335779	-0.541235	-0.282747	1.364598
4.720000	-0.368197	-0.533941	-0.315799	1.349847
4.740000	-0.400173	-0.526007	-0.348471	1.333478
4.760000	-0.431668	-0.517442	-0.380725	1.315508
4.780000	-0.462646	-0.508255	-0.412522	1.295959
4.800000	-0.493069	-0.498459	-0.443825	1.274856
4.820000	-0.522900	-0.488065	-0.474594	1.252223
4.840000	-0.552104	-0.477085	-0.504795	1.228087
4.860000	-0.580645	-0.465533	-0.534389	1.202478
4.880000	-0.608490	-0.453422	-0.563343	1.175426
4.900000	-0.635604	-0.440767	-0.591620	1.146964
4.920000	-0.661956	-0.427583	-0.619188	1.117125
4.940000	-0.687514	-0.413887	-0.646013	1.085946
4.960000	-0.712246	-0.399693	-0.672062	1.053464
4.980000	-0.736124	-0.385020	-0.697306	1.019718
5.000000	-0.759119	-0.369885	-0.721712	0.984749
5.020000	-0.781203	-0.354306	-0.745252	0.948598
5.040000	-0.802349	-0.338303	-0.767899	0.911308
5.060000	-0.822533	-0.321893	-0.789624	0.872926
5.080000	-0.841730	-0.305097	-0.810401	0.833495
5.100000	-0.859917	-0.287934	-0.830206	0.793065
5.120000	-0.877072	-0.270427	-0.849015	0.751683
5.140000	-0.893175	-0.252595	-0.866805	0.709400
5.160000	-0.908206	-0.234459	-0.883555	0.666265
5.180000	-0.922147	-0.216043	-0.899245	0.622330
5.200000	-0.934982	-0.197367	-0.913856	0.577649
5.220000	-0.946695	-0.178455	-0.927371	0.532275
5.240000	-0.957272	-0.159328	-0.939773	0.486262
5.260000	-0.966700	-0.140010	-0.951047	0.439665
5.280000	-0.974969	-0.120524	-0.961180	0.392542
5.300000	-0.982068	-0.100894	-0.970159	0.344947
5.320000	-0.987988	-0.081142	-0.977975	0.296938
5.340000	-0.992723	-0.061293	-0.984617	0.248573
5.360000	-0.996266	-0.041371	-0.990078	0.199909
5.380000	-0.998615	-0.021399	-0.994351	0.151006
5.400000	-0.999765	-0.001401	-0.997430	0.101922
5.420000	-0.999715	0.018599	-0.999313	0.052715
5.440000	-0.998466	0.038576	-0.999997	0.003445
5.460000	-0.996019	0.058506	-0.999481	-0.045829
5.480000	-0.992377	0.078367	-0.997766	-0.095048
5.500000	-0.987544	0.098134	-0.994853	-0.144153
5.520000	-0.981526	0.117783	-0.990747	-0.193085
5.540000	-0.974330	0.137290	-0.985452	-0.241786
5.560000	-0.965965	0.156633	-0.978974	-0.290196
5.580000	-0.956442	0.175788	-0.971322	-0.338258
5.600000	-0.945770	0.194732	-0.962505	-0.385914
5.620000	-0.933964	0.213442	-0.952532	-0.433108
5.640000	-0.921037	0.231896	-0.941417	-0.479781
5.660000	-0.907005	0.250072	-0.929172	-0.525879
5.680000	-0.891885	0.267948	-0.915812	-0.571346
5.700000	-0.875695	0.285502	-0.901354	-0.616127
5.720000	-0.858454	0.302714	-0.885813	-0.660169
5.740000	-0.840183	0.319563	-0.869210	-0.703419
5.760000	-0.820903	0.336028	-0.851564	-0.745825
5.780000	-0.800639	0.352090	-0.832896	-0.787336
5.800000	-0.779414	0.367729	-0.813229	-0.827902
5.820000	-0.757254	0.382928	-0.792586	-0.867475
5.840000	-0.734185	0.397666	-0.770992	-0.906007
5.860000	-0.710236	0.411928	-0.748473	-0.943452
5.880000	-0.685434	0.425695	-0.725056	-0.979765
5.900000	-0.659809	0.438952	-0.700769	-1.014902
5.920000	-0.633393	0.451682	-0.675641	-1.048821
5.940000	-0.606217	0.463870	-0.649702	-1.081483
5.960000	-0.578314	0.475501	-0.622984	-1.112846
5.980000	-0.549717	0.486562	-0.595518	-1.142874
6.000000	-0.520460	0.497039	-0.567338	-1.171531
6.020000	-0.490578	0.506920	-0.538477	-1.198782
6.040000	-0.460108	0.516192	-0.508970	-1.224595
6.060000	-0.429086	0.524845	-0.478852	-1.248938
6.080000	-0.397549	0.532868	-0.448159	-1.271783
6.100000	-0.365535	0.540252	-0.416929	-1.293102
6.120000	-0.333083	0.546988	-0.385199	-1.312869
6.140000	-0.300231	0.553067	-0.353006	-1.331061
6.160000	-0.267018	0.558483	-0.320390	-1.347656
6.180000	-0.233485	0.563228	-0.287390	-1.362634
6.200000	-0.199672	0.567298	-0.254044	-1.375976
6.220000	-0.165620	0.570687	-0.220394	-1.387668
6.240000	-0.131368	0.573391	-0.186479	-1.397695
6.260000	-0.096959	0.575408	-0.152341	-1.406045
6.280000	-0.062434	0.576734	-0.118020	-1.412707
6.300000	-0.027834	0.577367	-0.083557	-1.417675
6.320000	0.006800	0.577309	-0.048994	-1.420941
6.340000	0.041425	0.576557	-0.014372	-1.422503
6.360000	0.076001	0.575114	0.020267	-1.422358
6.380000	0.110485	0.572980	0.054882	-1.420506
6.400000	0.144837	0.570159	0.089431	-1.416949
6.420000	0.179015	0.566654	0.123873	-1.411693
6.440000	0.212979	0.562469	0.158166	-1.404742
6.460000	0.246687	0.557609	0.192269	-1.396106
6.480000	0.280098	0.552080	0.226142	-1.385795
6.500000	0.313174	0.545889	0.259743	-1.373821
6.520000	0.345874	0.539043	0.293032	-1.360199
6.540000	0.378159	0.531549	0.325970	-1.344945
6.560000	0.409990	0.523418	0.358517	-1.328076
6.580000	0.441330	0.514659	0.390634	-1.309615
6.600000	0.472139	0.505283	0.422282	-1.289582
6.620000	0.502383	0.495300	0.453423	-1.268001
6.640000	0.532023	0.484723	0.484020	-1.244899
6.660000	0.561025	0.473564	0.514037	-1.220304
6.680000	0.589354	0.461837	0.543436	-1.194244
6.700000	0.616976	0.449556	0.572184	-1.166751
6.720000	0.643857	0.436736	0.600245	-1.137859
6.740000	0.669966	0.423391	0.627586	-1.107600
6.760000	0.695271	0.409539	0.654173	-1.076013
6.780000	0.719742	0.395195	0.679976	-1.043135
6.800000	0.743349	0.380376	0.704963	-1.009006
6.820000	0.766064	0.365102	0.729104	-0.973665
6.840000	0.787860	0.349389	0.752370	-0.937157
6.860000	0.808711	0.333257	0.774734	-0.899523
6.880000	0.828592	0.316726	0.796168	-0.860811
6.900000	0.847478	0.299814	0.816646	-0.821066
6.920000	0.865347	0.282542	0.836145	-0.780335
6.940000	0.882178	0.264932	0.854641	-0.738668
6.960000	0.897950	0.247004	0.872111	-0.696115
6.980000	0.912645	0.228779	0.888534	-0.652727
7.000000	0.926245	0.210280	0.903892	-0.608555
7.020000	0.938734	0.191528	0.918164	-0.563653
7.040000	0.950096	0.172547	0.931336	-0.518075
7.060000	0.960318	0.153358	0.943389	-0.471875
7.080000	0.969388	0.133986	0.954311	-0.425109
7.100000	0.977295	0.114452	0.964088	-0.377833
7.120000	0.984029	0.094782	0.972708	-0.330104
7.140000	0.989583	0.074998	0.980160	-0.281979
7.160000	0.993949	0.055123	0.986437	-0.233515
7.180000	0.997122	0.035183	0.991530	-0.184771
7.200000	0.999099	0.015200	0.995433	-0.135805
7.220000	0.999878	-0.004800	0.998142	-0.086676
7.240000	0.999456	-0.024796	0.999654	-0.037444
7.260000	0.997835	-0.044761	0.999965	0.011834
7.280000	0.995017	-0.064673	0.999077	0.061097
7.300000	0.991005	-0.084507	0.996991	0.110287
7.320000	0.985804	-0.104239	0.993708	0.159345
7.340000	0.979420	-0.123847	0.989232	0.208212
7.360000	0.971861	-0.143306	0.983570	0.256828
7.380000	0.963136	-0.162593	0.976727	0.305137
7.400000	0.953255	-0.181685	0.968713	0.353079
7.420000	0.942231	-0.200559	0.959536	0.400598
7.440000	0.930076	-0.219192	0.949208	0.447636
7.460000	0.916805	-0.237562	0.937741	0.494137
7.480000	0.902433	-0.255647	0.925149	0.540045
7.500000	0.886979	-0.273426	0.911446	0.585305
7.520000	0.870461	-0.290876	0.896650	0.629863
7.540000	0.852898	-0.307978	0.880779	0.673665
7.560000	0.834312	-0.324709	0.863850	0.716659
7.580000	0.814725	-0.341052	0.845885	0.758793
7.600000	0.794160	-0.356985	0.826905	0.800016
7.620000	0.772643	-0.372489	0.806932	0.840279
7.640000	0.750198	-0.387547	0.785992	0.879535
7.660000	0.726853	-0.402140	0.764108	0.917734
7.680000	0.702636	-0.416250	0.741308	0.954833
7.700000	0.677576	-0.429861	0.717618	0.990786
7.720000	0.651703	-0.442956	0.693067	1.025550
7.740000	0.625048	-0.455519	0.667684	1.059084
7.760000	0.597643	-0.467536	0.641500	1.091347
7.780000	0.569520	-0.478992	0.614547	1.122300
7.800000	0.540715	-0.489873	0.586856	1.151907
7.820000	0.511261	-0.500167	0.558461	1.180132
7.840000	0.481193	-0.509860	0.529396	1.206940
7.860000	0.450548	-0.518941	0.499696	1.232301
7.880000	0.419362	-0.527400	0.469396	1.256182
7.900000	0.387673	-0.535226	0.438533	1.278557
7.920000	0.355519	-0.542410	0.407144	1.299397
7.940000	0.322938	-0.548943	0.375266	1.318679
7.960000	0.289970	-0.554817	0.342938	1.336378
7.980000	0.256654	-0.560026	0.310198	1.352473
8.000000	0.223030	-0.564562	0.277086	1.366946
8.020000	0.189139	-0.568422	0.243642	1.379778
8.040000	0.155020	-0.571599	0.209906	1.390955
8.060000	0.120715	-0.574090	0.175917	1.400463
8.080000	0.086266	-0.575893	0.141718	1.408291
8.100000	0.051713	-0.577004	0.107348	1.414429
8.120000	0.017098	-0.577423	0.072850	1.418870
8.140000	-0.017537	-0.577150	0.038264	1.421608
8.160000	-0.052152	-0.576183	0.003632	1.422640
8.180000	-0.086704	-0.574526	-0.031004	1.421966
8.200000	-0.121152	-0.572179	-0.065603	1.419585
8.220000	-0.155454	-0.569146	-0.100123	1.415501
8.240000	-0.189570	-0.565429	-0.134523	1.409719
8.260000	-0.223459	-0.561034	-0.168761	1.402245
8.280000	-0.257079	-0.555966	-0.202797	1.393088
8.300000	-0.290391	-0.550231	-0.236590	1.382260
8.320000	-0.323354	-0.543836	-0.270099	1.369774
8.340000	-0.355930	-0.536788	-0.303284	1.355643
8.360000	-0.388078	-0.529096	-0.336105	1.339887
8.380000	-0.419761	-0.520770	-0.368522	1.322522
8.400000	-0.450940	-0.511818	-0.400498	1.303571
8.420000	-0.481578	-0.502252	-0.431992	1.283055
8.440000	-0.511638	-0.492084	-0.462969	1.261000
8.460000	-0.541085	-0.481325	-0.493390	1.237432
8.480000	-0.569882	-0.469989	-0.523219	1.212380
8.500000	-0.597995	-0.458088	-0.552420	1.185872
8.520000	-0.625391	-0.445638	-0.580959	1.157942
8.540000	-0.652036	-0.432654	-0.608800	1.128622
8.560000	-0.677899	-0.419150	-0.635911	1.097948
8.580000	-0.702949	-0.405143	-0.662258	1.065957
8.600000	-0.727155	-0.390650	-0.687812	1.032686
8.620000	-0.750488	-0.375689	-0.712540	0.998177
8.640000	-0.772921	-0.360276	-0.736412	0.962469
8.660000	-0.794427	-0.344432	-0.759402	0.925607
8.680000	-0.814980	-0.328174	-0.781480	0.887635
8.700000	-0.834554	-0.311522	-0.802620	0.848597
8.720000	-0.853128	-0.294497	-0.822798	0.808541
8.740000	-0.870677	-0.277118	-0.841988	0.767515
8.760000	-0.887182	-0.259407	-0.860168	0.725568
8.780000	-0.902622	-0.241384	-0.877315	0.682750
8.800000	-0.916980	-0.223072	-0.893410	0.639113
8.820000	-0.930237	-0.204492	-0.908433	0.594710
8.840000	-0.942378	-0.185667	-0.922367	0.549592
8.860000	-0.953388	-0.166619	-0.935193	0.503816
8.880000	-0.963254	-0.147371	-0.946897	0.457434
8.900000	-0.971965	-0.127946	-0.957465	0.410504
8.920000	-0.979509	-0.108368	-0.966884	0.363082
8.940000	-0.985878	-0.088659	-0.975143	0.315223
8.960000	-0.991064	-0.068844	-0.982232	0.266987
8.980000	-0.995061	-0.048947	-0.988143	0.218430
9.000000	-0.997863	-0.028991	-0.992868	0.169611
9.020000	-0.999469	-0.009000	-0.996401	0.120588
9.040000	-0.999875	0.011001	-0.998739	0.071421
9.060000	-0.999082	0.030990	-0.999879	0.022168
9.080000	-0.997090	0.050941	-0.999818	-0.027111
9.100000	-0.993901	0.070831	-0.998559	-0.076358
9.120000	-0.989520	0.090636	-0.996101	-0.125514
9.140000	-0.983951	0.110333	-0.992447	-0.174518
9.160000	-0.977202	0.129897	-0.987603	-0.223314
9.180000	-0.969281	0.149305	-0.981574	-0.271841
9.200000	-0.960196	0.168534	-0.974368	-0.320042
9.220000	-0.949959	0.187561	-0.965992	-0.367860
9.240000	-0.938583	0.206362	-0.956457	-0.415235
9.260000	-0.926080	0.224916	-0.945774	-0.462113
9.280000	-0.912466	0.243201	-0.933957	-0.508436
9.300000	-0.897757	0.261193	-0.921018	-0.554149
9.320000	-0.881971	0.278872	-0.906975	-0.599197
9.340000	-0.865127	0.296217	-0.891844	-0.643526
9.360000	-0.847244	0.313205	-0.875642	-0.687083
9.380000	-0.828346	0.329819	-0.858390	-0.729816
9.400000	-0.808453	0.346036	-0.840108	-0.771673
9.420000	-0.787590	0.361838	-0.820818	-0.812604
9.440000	-0.765782	0.377206	-0.800543	-0.852560
9.460000	-0.743055	0.392122	-0.779307	-0.891493
9.480000	-0.719437	0.406567	-0.757136	-0.929356
9.500000	-0.694955	0.420524	-0.734057	-0.966104
9.520000	-0.669640	0.433977	-0.710097	-1.001693
9.540000	-0.643521	0.446908	-0.685285	-1.036080
9.560000	-0.616630	0.459304	-0.659651	-1.069224
9.580000	-0.588999	0.471148	-0.633225	-1.101085
9.600000	-0.560661	0.482428	-0.606039	-1.131625
9.620000	-0.531651	0.493128	-0.578127	-1.160807
9.640000	-0.502003	0.503237	-0.549520	-1.188596
9.660000	-0.471752	0.512741	-0.520254	-1.214959
9.680000	-0.440935	0.521631	-0.490364	-1.239864
9.700000	-0.409590	0.529895	-0.459886	-1.263282
9.720000	-0.377752	0.537523	-0.428856	-1.285183
9.740000	-0.345462	0.544505	-0.397311	-1.305543
9.760000	-0.312757	0.550835	-0.365289	-1.324336
9.780000	-0.279677	0.556504	-0.332830	-1.341540
9.800000	-0.246261	0.561504	-0.299970	-1.357135
9.820000	-0.212549	0.565832	-0.266751	-1.371101
9.840000	-0.178583	0.569480	-0.233212	-1.383421
9.860000	-0.144402	0.572445	-0.199393	-1.394082
9.880000	-0.110049	0.574723	-0.165335	-1.403070
9.900000	-0.075563	0.576311	-0.131078	-1.410375
9.920000	-0.040986	0.577208	-0.096664	-1.415988
9.940000	-0.006360	0.577413	-0.062135	-1.419901
9.960000	0.028273	0.576924	-0.027530	-1.422111
9.980000	0.062873	0.575743	0.007107	-1.422614
10.000000	0.097397	0.573872	0.041736	-1.421410
